seq,label
357 428 355 357 428 355 357 428 355 357 ,0
163 89 163 395 90 ,0
423 424 423 424 423 424 423 424 ,0
130 130 130 130 130 130 91 9 92 130 130 91 9 92 91 9 92 91 9 92 91 9 92 93 93 93 93 130 91 9 92 91 9 92 91 9 92 91 9 92 91 9 92 91 9 92 91 9 92 91 9 92 91 9 92 130 130 130 130 130 130 130 130 93 93 130 130 130 130 130 130 93 93 130 93 93 130 130 130 224 130 130 130 130 91 9 91 91 9 91 9 9 92 92 92 91 92 91 91 91 9 9 91 9 92 9 92 92 9 92 92 91 9 92 91 9 92 91 9 91 ,0
424 423 424 325 428 355 357 ,0
120 53 120 53 120 4 6 7 53 120 53 120 53 120 53 120 53 120 4 6 6 7 4 6 6 6 7 4 6 7 53 120 53 120 53 120 4 6 6 7 53 120 53 120 4 6 7 53 120 53 120 12 4 6 7 4 6 6 7 354 354 354 355 325 4 6 6 6 6 6 6 6 6 6 6 6 6 6 6 6 6 6 6 6 6 6 6 6 6 6 6 6 6 6 6 6 6 6 6 6 6 6 6 6 6 6 6 6 6 6 7 354 354 354 354 355 354 355 354 355 ,0
183 183 183 183 183 183 183 183 183 183 183 183 183 183 183 183 183 183 183 183 183 183 183 183 183 183 183 183 183 183 183 183 183 183 183 183 183 183 183 183 183 106 221 108 183 183 183 183 183 183 183 183 183 183 183 183 183 183 183 183 183 183 183 183 183 223 130 223 223 130 130 130 130 130 130 130 130 130 130 130 130 130 130 130 130 122 122 122 122 122 122 122 122 130 122 130 122 130 130 130 130 130 130 130 130 130 130 130 130 122 130 122 122 122 122 122 122 122 122 122 ,0
254 254 254 186 186 144 144 254 254 254 254 254 254 254 254 254 254 254 254 254 254 254 254 186 186 355 6 6 6 357 355 6 6 6 6 6 6 6 6 6 6 6 6 6 6 6 6 6 6 6 6 6 6 6 6 6 6 6 6 6 6 6 6 357 423 424 423 424 355 6 6 6 6 6 6 357 355 6 6 6 6 357 355 357 355 357 355 357 355 357 355 357 355 357 355 357 355 357 355 357 355 357 355 357 355 357 355 357 355 357 355 357 355 357 355 357 355 357 355 357 ,0
89 89 89 340 136 89 ,0
11 254 254 254 254 254 254 254 254 186 144 144 254 254 254 254 254 254 254 254 144 144 254 254 254 254 254 254 254 254 254 254 254 254 254 254 254 254 144 144 254 254 254 254 254 254 254 254 423 424 423 424 427 ,0
241 11 254 11 11 303 423 424 423 424 ,0
89 89 89 89 136 ,0
89 163 89 89 90 163 395 90 ,0
130 130 130 130 130 130 130 130 223 130 130 130 130 130 130 130 223 130 130 130 130 130 130 130 130 130 130 130 130 130 130 130 130 223 223 223 223 223 223 223 223 223 223 223 223 130 130 130 130 130 130 130 130 130 130 130 130 130 130 130 130 130 130 130 130 130 130 130 130 130 130 130 130 130 130 130 130 130 130 130 130 130 130 130 223 223 130 130 223 223 130 223 223 223 130 130 130 130 130 130 130 130 130 130 130 130 223 130 130 223 106 221 108 223 223 223 223 223 223 223 ,0
357 355 357 325 428 355 357 ,0
3 3 3 3 3 3 3 3 3 3 3 144 3 3 3 144 144 3 3 3 3 3 3 3 3 3 3 3 3 144 144 144 355 423 424 423 424 430 430 ,0
6 7 4 6 6 6 6 7 4 6 7 4 6 6 6 6 6 6 7 4 6 6 6 6 6 6 6 6 6 6 6 7 4 6 6 6 6 6 6 6 6 6 6 7 4 11 6 7 11 4 6 7 4 6 7 4 6 7 4 6 7 4 6 7 4 6 7 4 6 6 7 3 142 4 18 6 26 7 19 109 109 109 110 111 112 112 113 109 114 109 115 109 116 26 4 6 7 4 6 7 4 6 7 4 6 7 4 6 7 4 6 6 7 4 6 6 6 6 6 6 ,0
9 92 91 9 92 91 9 92 91 9 92 91 9 92 93 93 91 9 92 91 9 92 122 93 93 91 9 92 93 93 91 9 92 93 93 91 9 92 93 93 93 93 223 93 93 93 93 91 9 92 91 9 92 91 9 92 91 9 92 91 9 92 91 9 92 91 9 92 93 93 91 9 92 93 93 93 93 91 9 92 93 93 93 93 91 9 92 91 9 92 91 9 92 93 93 93 93 183 183 183 183 183 183 183 183 183 183 183 183 183 183 183 93 183 93 183 183 183 183 183 ,0
357 428 355 357 428 355 357 355 357 355 357 355 357 ,0
130 130 130 130 130 130 130 130 130 130 130 130 130 130 130 130 130 130 130 130 130 130 130 130 130 130 130 130 130 130 130 130 130 130 130 130 130 130 130 130 130 130 130 130 130 130 130 130 130 130 130 130 130 130 130 130 130 130 130 130 130 130 130 130 130 130 130 130 223 223 130 130 223 223 130 223 223 223 130 130 130 130 130 130 130 130 130 130 130 130 130 223 130 130 223 130 223 130 130 130 130 130 130 130 130 130 130 130 130 130 130 130 130 130 130 130 130 130 130 130 ,0
32 18 32 18 32 3 3 3 142 18 26 19 109 109 109 110 111 112 112 3 3 3 3 3 3 3 3 3 3 3 3 3 3 3 3 3 3 3 144 144 423 424 423 424 423 424 ,1
3 32 18 32 18 32 3 3 3 11 3 3 3 3 3 3 3 3 3 3 3 3 3 168 144 3 3 3 3 3 144 423 424 423 424 ,1
32 18 32 18 32 3 3 3 3 3 142 18 26 19 109 109 109 110 111 112 112 113 109 114 109 115 109 116 26 3 3 3 3 3 3 3 3 3 3 3 3 11 3 3 3 3 3 144 144 144 3 3 3 3 3 3 3 3 3 3 423 424 423 424 ,1
3 3 32 18 32 18 32 3 3 3 142 18 26 19 109 109 109 110 111 112 112 113 109 114 109 115 109 116 26 11 3 3 3 3 3 3 3 3 3 3 3 3 3 3 3 3 3 3 3 3 3 3 3 3 3 3 3 3 3 3 3 3 3 3 3 3 144 144 144 144 144 3 3 3 423 424 423 424 ,1
32 18 32 18 32 3 3 3 3 142 18 26 19 109 109 109 110 111 112 112 3 11 3 3 3 3 3 3 3 3 3 3 3 3 3 45 11 3 3 3 3 3 3 3 3 3 3 144 144 144 144 144 144 3 3 3 423 424 423 424 423 424 423 424 ,1
3 3 3 32 18 32 18 32 3 3 3 3 3 11 3 3 3 3 3 3 3 3 3 3 3 3 3 3 3 168 144 3 3 3 3 3 423 424 423 424 ,1
3 32 18 32 18 32 3 3 3 3 3 11 3 168 3 3 3 3 3 3 3 3 3 3 3 3 3 3 3 3 3 3 3 144 3 3 3 423 424 423 424 354 ,1
3 3 3 3 3 3 3 3 3 3 3 11 11 3 3 3 3 11 11 11 11 3 3 3 3 3 3 3 3 3 3 3 3 3 3 3 3 3 3 3 3 3 3 3 3 3 3 3 3 3 3 3 3 3 3 144 3 184 3 3 3 3 423 424 423 424 ,1
32 18 32 18 32 3 3 3 3 3 3 142 18 26 19 109 109 109 110 111 112 112 113 109 114 109 115 109 116 26 3 11 3 3 3 3 3 3 3 3 3 3 3 3 3 3 3 3 3 3 3 3 3 3 3 3 3 3 3 3 3 3 3 3 3 3 3 3 144 144 144 144 144 3 3 3 423 424 423 424 ,1
3 3 32 18 32 18 32 3 3 3 3 3 3 142 18 26 19 109 109 109 110 111 112 112 11 3 3 3 3 3 3 3 3 3 3 3 3 3 3 3 3 168 144 3 3 3 3 3 423 424 423 424 ,1
32 18 32 18 32 3 3 3 3 142 18 26 19 109 109 109 110 111 112 112 113 109 114 109 115 109 116 26 3 11 3 3 3 3 3 3 3 3 3 3 3 3 3 3 3 3 3 3 3 3 3 3 3 3 3 3 3 3 3 3 3 3 144 144 144 144 144 3 3 3 423 424 423 424 ,1
32 18 32 18 32 3 3 3 142 18 26 19 109 109 109 110 111 112 112 3 3 3 3 3 3 3 3 3 3 3 3 3 3 3 11 3 3 3 3 3 144 423 424 423 424 423 424 ,1
3 3 32 18 32 18 32 3 3 3 142 18 26 19 109 109 109 110 111 112 112 113 109 114 109 115 109 116 26 11 3 3 3 3 11 3 3 3 3 3 3 3 168 144 3 3 3 144 423 424 423 424 ,1
32 18 32 18 32 3 3 3 11 3 3 3 3 3 3 3 3 3 3 3 3 3 3 3 3 11 3 3 3 3 3 3 3 144 339 339 339 339 339 339 339 339 339 339 339 339 339 339 339 339 339 339 339 423 424 423 424 423 424 ,1
32 18 32 18 32 3 3 3 3 3 3 3 3 3 3 3 3 3 3 3 3 3 3 11 3 11 3 3 144 144 144 144 3 3 3 144 144 144 144 144 144 144 144 144 144 144 144 423 424 423 424 ,1
3 3 3 32 18 32 18 32 3 3 3 11 3 168 3 3 3 3 3 3 3 3 3 3 3 3 3 3 3 3 144 3 3 3 423 424 423 424 ,1
3 3 32 18 32 18 32 3 3 3 3 3 3 142 18 26 19 109 109 109 110 111 112 112 11 3 3 3 3 3 3 3 3 3 3 3 3 3 3 3 3 3 3 3 3 3 3 3 3 3 3 3 3 3 144 144 144 144 144 144 144 144 3 3 3 3 3 3 144 144 423 424 423 424 ,1
3 32 18 32 18 32 3 3 3 3 11 3 3 3 3 3 3 3 3 3 3 3 3 168 144 3 3 3 3 3 423 424 423 424 ,1
3 32 18 32 18 32 3 3 3 142 18 26 19 109 109 109 110 111 112 112 3 11 3 3 3 3 3 3 3 3 11 3 3 3 3 3 3 3 168 144 3 3 3 423 424 423 424 ,1
32 18 32 18 32 3 3 3 3 3 3 3 3 3 3 3 3 3 3 3 3 11 3 3 3 144 144 144 144 3 3 3 144 144 144 144 144 144 144 144 144 144 144 144 423 424 423 424 ,1
3 3 3 3 3 3 32 18 32 18 32 3 3 3 3 3 3 3 11 3 3 3 3 3 3 3 3 3 3 3 3 3 3 3 168 144 3 3 3 3 3 423 424 423 424 ,1
32 18 32 18 32 3 3 3 142 18 26 19 109 109 109 110 111 112 112 113 109 114 109 115 109 116 26 3 3 3 3 3 3 3 3 3 3 3 3 11 3 3 3 3 3 144 144 144 3 3 3 3 3 3 3 3 3 3 3 144 423 424 423 424 ,1
3 3 32 18 32 18 32 3 3 3 142 18 26 19 109 109 109 110 111 112 112 113 109 114 109 115 109 116 26 3 142 18 26 19 109 109 109 110 111 112 112 3 3 11 3 168 3 3 3 3 3 3 3 3 3 3 3 3 3 3 3 3 144 3 3 3 423 424 423 424 ,1
3 32 18 32 18 32 3 3 11 3 3 3 3 3 3 3 3 3 3 3 3 3 3 168 144 3 3 53 120 53 120 423 424 423 424 ,1
3 3 32 18 32 18 32 3 3 3 11 3 3 3 3 3 3 3 3 3 3 3 3 3 3 3 3 3 3 3 3 3 144 3 3 53 120 45 53 120 53 120 53 120 53 120 53 120 53 120 53 120 53 120 53 120 354 354 354 354 354 354 423 424 423 424 354 ,1
32 18 32 18 32 3 3 3 142 18 26 19 109 109 109 110 111 112 112 113 3 11 3 3 3 3 3 3 3 3 3 3 3 3 3 3 3 3 3 3 3 3 144 144 3 3 423 424 423 424 ,1
3 3 3 3 32 18 32 18 32 3 3 3 3 142 18 26 19 109 109 109 110 111 112 112 3 11 3 3 3 3 3 3 3 3 3 3 3 3 3 3 3 3 3 3 3 3 3 3 3 144 144 144 144 144 144 3 3 3 423 424 423 424 423 424 423 424 ,1
3 3 32 18 32 18 32 3 3 3 142 18 26 19 109 109 109 110 111 112 112 3 11 3 3 3 3 3 3 3 3 3 3 3 3 3 3 3 3 3 3 3 3 3 144 3 3 53 120 53 120 53 120 53 120 53 120 423 424 423 424 423 424 354 ,1
3 32 18 32 18 32 3 3 3 3 11 3 168 3 3 3 3 3 3 3 3 3 3 3 3 11 3 3 11 3 3 3 3 3 3 144 3 3 3 423 424 423 424 ,1
3 32 18 32 18 32 3 3 3 142 18 26 19 109 109 109 110 111 112 112 113 109 114 109 115 109 116 26 3 3 168 3 3 3 3 3 3 3 3 3 3 144 423 424 423 424 ,1
3 3 32 18 32 18 32 3 3 3 3 3 3 3 3 3 3 3 3 3 3 11 3 3 3 3 144 3 3 3 3 144 144 144 144 144 144 144 144 144 144 144 144 423 424 423 424 ,1
32 18 32 18 32 3 3 3 142 18 26 19 109 109 109 110 111 112 112 3 11 3 3 3 3 3 3 3 3 3 3 3 3 144 144 144 144 144 3 3 423 424 423 424 ,1
3 3 32 18 32 18 32 3 3 3 3 142 18 26 19 109 109 109 110 111 112 112 3 11 3 3 3 3 3 3 3 3 3 3 3 3 3 3 3 3 3 3 3 3 3 3 3 3 3 3 3 3 3 3 3 3 3 3 144 144 144 144 144 3 3 3 53 120 423 424 423 424 ,1
3 32 18 32 18 32 3 3 3 3 3 142 18 26 19 109 109 109 110 111 112 112 11 3 3 3 3 3 3 3 3 3 3 3 3 3 3 3 168 144 3 3 3 3 3 423 424 423 424 ,1
3 3 32 18 32 18 32 3 3 3 3 3 3 142 18 26 19 109 109 109 110 111 112 112 113 109 114 109 115 109 116 26 3 11 3 3 3 3 3 3 3 3 3 3 3 3 3 3 3 3 3 3 144 3 3 144 423 424 423 424 ,1
3 3 32 18 32 18 32 3 3 3 3 142 18 26 19 109 109 109 110 111 112 112 113 109 114 109 115 109 116 26 3 11 3 3 3 3 3 3 3 3 3 3 3 3 3 3 11 3 3 3 3 3 3 3 3 3 3 144 144 144 144 144 144 144 3 3 3 53 120 53 120 423 424 423 424 ,1
32 18 32 18 32 3 3 3 142 18 26 19 109 109 109 110 111 112 112 3 3 3 3 3 3 3 3 3 3 3 3 3 3 3 3 3 3 144 144 423 424 423 424 423 424 ,1
3 32 18 32 18 32 3 3 3 3 11 3 168 3 3 3 3 3 3 3 3 3 3 3 3 3 3 3 3 144 3 3 3 423 424 423 424 ,1
32 18 32 18 32 3 3 3 142 18 26 19 109 109 109 110 111 112 112 113 109 114 109 115 109 116 26 3 3 3 3 3 3 3 3 3 3 3 3 11 3 3 3 3 3 144 144 144 3 3 3 3 3 3 3 3 3 3 144 423 424 423 424 ,1
32 18 32 18 32 3 3 3 3 142 18 26 19 109 109 109 110 111 112 112 113 109 114 109 115 109 116 26 11 3 3 3 3 3 3 3 3 3 3 3 3 3 3 3 3 3 3 3 3 3 3 3 3 3 3 3 3 3 3 3 3 3 3 144 144 144 144 144 144 3 3 3 53 120 53 120 53 120 53 120 53 120 53 120 53 120 53 120 53 120 53 120 53 120 423 424 423 424 423 424 423 424 ,1
32 18 32 18 32 3 3 3 3 168 3 3 3 3 3 3 3 3 3 3 3 3 3 3 144 3 423 424 423 424 ,1
3 32 18 32 18 32 3 3 3 11 3 3 3 3 3 3 3 3 3 3 3 3 3 3 3 168 144 3 3 3 3 3 144 423 424 423 424 ,1
3 3 32 18 32 18 32 3 3 3 3 11 3 3 3 3 3 3 3 3 3 3 3 3 3 3 11 3 11 3 3 3 3 144 144 144 3 3 3 3 144 144 144 144 144 144 144 144 144 144 144 144 3 3 3 3 144 144 423 424 423 424 ,1
3 3 32 18 32 18 32 3 3 3 3 3 142 18 26 19 109 109 109 110 111 112 112 113 109 114 109 115 109 116 26 27 3 142 18 26 19 109 109 109 110 111 112 112 3 11 3 3 3 3 3 3 3 3 3 3 3 3 3 3 3 3 3 3 3 3 3 3 3 3 3 3 144 144 144 144 144 144 144 3 3 3 423 424 423 424 ,1
3 32 18 32 18 32 3 3 3 142 18 26 19 109 109 109 110 111 112 112 3 3 3 3 3 3 3 3 3 3 3 168 144 423 424 423 424 ,1
3 32 18 32 18 32 3 3 3 142 18 26 19 109 109 109 110 111 112 112 11 3 3 3 3 3 3 3 3 11 3 3 3 3 3 3 3 168 144 3 3 3 423 424 423 424 ,1
32 18 32 18 32 3 3 3 3 3 3 3 3 3 3 3 3 3 3 3 3 3 45 11 3 3 3 3 3 3 3 3 144 144 144 144 144 144 3 53 120 423 424 423 424 423 424 423 424 354 354 ,1
32 18 32 18 32 3 3 3 3 3 11 3 3 3 3 3 3 3 3 3 3 3 3 3 3 3 3 3 3 3 3 3 3 144 144 144 144 144 144 3 3 3 53 120 53 120 423 424 423 424 423 424 423 424 ,1
32 18 32 18 32 3 3 3 3 3 142 18 26 19 109 109 109 110 111 112 112 113 109 114 109 115 109 116 26 3 3 3 3 3 3 3 3 3 3 3 3 3 3 3 3 3 3 3 3 3 144 144 144 144 144 144 3 144 423 424 423 424 423 424 423 424 ,1
32 18 32 18 32 3 3 3 3 3 3 3 11 3 3 3 3 3 3 3 3 3 3 3 3 3 3 3 3 3 11 3 3 11 3 3 3 3 144 3 3 3 3 144 144 144 144 144 144 144 144 144 144 144 144 3 3 3 3 144 144 423 424 423 424 ,1
3 32 18 32 18 32 3 3 3 142 18 26 19 109 109 109 110 111 112 112 3 3 3 3 3 3 11 3 3 3 3 3 168 144 3 4 6 7 4 6 7 4 6 7 144 4 6 7 4 6 7 423 424 423 424 ,1
32 18 32 18 32 3 3 3 3 3 11 3 168 3 3 3 3 3 3 3 3 3 3 3 3 11 3 3 11 3 3 3 3 3 3 144 3 3 3 423 424 423 424 ,1
3 32 18 32 18 32 3 3 3 3 3 142 18 26 19 109 109 109 110 111 112 112 113 109 114 109 115 109 116 26 11 3 3 3 3 3 3 3 3 3 3 3 3 3 3 3 168 144 3 3 3 3 3 423 424 423 424 ,1
32 18 32 18 32 3 3 3 3 142 18 26 19 109 109 109 110 111 112 112 113 109 114 109 115 109 116 26 3 11 3 3 3 3 3 3 3 3 3 3 3 3 3 3 3 3 3 3 3 3 3 144 3 3 423 424 423 424 423 424 ,1
3 3 32 18 32 18 32 3 3 3 142 18 26 19 109 109 109 110 111 112 112 113 109 114 109 115 109 116 26 3 11 3 3 3 3 3 3 3 3 3 3 3 3 3 3 11 3 3 3 3 3 144 144 144 144 144 3 3 3 3 3 3 3 3 3 3 354 423 424 423 424 ,1
32 18 32 18 32 3 3 3 142 18 26 19 109 109 109 110 111 112 112 113 109 114 109 115 109 116 26 3 11 3 168 3 3 3 3 3 3 3 3 3 3 3 3 3 3 3 3 144 3 3 3 423 424 423 424 ,1
3 32 18 32 18 32 3 3 3 3 3 11 3 168 3 3 3 3 3 3 3 3 3 3 11 3 3 3 3 3 3 144 3 3 3 423 424 423 424 ,1
32 18 32 18 32 3 3 3 142 18 26 19 109 109 109 110 111 112 112 113 109 114 109 115 109 116 26 3 142 18 26 19 109 109 109 110 111 112 112 113 3 11 3 3 3 3 3 3 3 3 3 3 3 3 3 3 3 3 3 3 3 3 3 3 3 3 144 144 144 144 144 144 3 3 3 423 424 423 424 423 424 423 424 ,1
32 18 32 18 32 3 3 3 3 142 18 26 19 109 109 109 110 111 112 112 113 3 11 3 3 3 3 3 3 3 3 3 3 3 3 3 3 11 3 3 3 3 3 3 3 3 3 3 144 144 144 144 144 144 3 3 3 423 424 423 424 423 424 423 424 ,1
3 3 32 18 32 18 32 3 3 3 3 3 3 3 3 3 3 3 3 3 3 3 3 3 3 3 3 3 3 144 144 144 144 3 3 3 3 144 3 144 3 3 3 3 3 423 424 423 424 ,1
32 18 32 18 32 3 3 3 3 3 142 18 26 19 109 109 109 110 111 112 112 113 109 114 109 115 109 116 26 3 11 3 3 3 3 3 3 3 3 3 3 3 3 3 3 3 3 3 3 3 3 3 3 3 3 3 3 3 3 3 3 3 3 144 144 144 144 144 3 3 3 53 120 53 120 53 120 53 120 53 120 53 120 53 120 53 120 53 120 53 120 53 120 53 120 53 120 53 120 53 120 53 120 423 424 423 424 354 354 354 354 ,1
3 32 18 32 18 32 3 3 3 3 11 3 3 3 3 3 3 11 3 3 3 3 3 3 3 168 144 3 3 3 354 354 423 424 423 424 ,1
32 18 32 18 32 3 3 3 3 3 142 18 26 19 109 109 109 110 111 112 112 113 109 114 109 115 109 116 26 3 11 3 3 3 3 3 3 3 3 3 3 3 3 3 3 3 3 3 3 3 3 3 3 3 3 3 3 11 3 3 3 3 3 3 3 3 3 3 144 144 144 144 144 3 3 3 423 424 423 424 ,1
32 18 32 18 32 3 3 3 3 142 18 26 19 109 109 109 110 111 112 112 113 109 114 109 115 109 116 26 3 11 3 3 3 3 3 3 3 3 3 3 3 3 3 3 3 3 3 3 3 3 3 3 3 3 144 144 144 144 144 144 3 3 3 12 144 423 424 423 424 423 424 423 424 ,1
3 32 18 32 18 32 3 3 3 11 3 168 3 3 3 3 3 3 3 3 3 3 3 11 3 3 3 3 3 144 3 3 423 424 423 424 ,1
32 18 32 18 32 3 3 3 3 3 142 18 26 19 109 109 109 110 111 112 112 113 109 114 109 115 109 116 26 11 3 3 3 3 3 3 3 3 11 3 3 3 3 3 3 3 168 144 3 3 3 3 3 423 424 423 424 ,1
32 18 32 18 32 3 3 3 3 142 18 26 19 109 109 109 110 111 112 112 3 3 3 3 3 3 3 3 3 3 3 3 3 3 3 3 3 3 3 3 3 3 3 3 3 144 144 144 144 144 144 144 144 3 3 423 424 423 424 ,1
3 3 32 18 32 18 32 3 3 3 3 3 3 3 3 3 3 3 3 3 3 3 3 3 3 3 3 3 3 3 3 144 53 120 53 120 53 120 53 120 53 120 53 120 53 120 144 354 354 354 354 423 424 423 424 423 424 354 354 354 ,1
3 3 32 18 32 18 32 3 3 3 3 142 18 26 19 109 109 109 110 111 112 112 113 109 114 109 115 109 116 26 27 3 11 3 3 3 3 3 3 3 3 3 3 3 3 3 3 3 3 3 3 3 3 3 3 3 3 3 3 3 3 3 3 3 3 3 3 144 144 144 144 144 3 3 3 423 424 423 424 ,1
3 3 3 32 18 32 18 32 3 3 3 3 168 3 3 3 3 3 3 3 3 3 3 3 11 3 3 3 144 144 423 424 423 424 ,1
32 18 32 18 32 3 3 3 3 3 142 18 26 19 109 109 109 110 111 112 112 113 109 114 109 115 109 116 26 3 142 18 26 19 109 109 109 110 111 112 112 3 3 3 3 3 3 3 3 3 3 3 3 11 3 3 3 3 3 144 144 144 3 3 3 144 3 3 3 3 3 3 3 3 423 424 423 424 ,1
32 18 32 18 32 3 3 3 3 142 18 26 19 109 109 109 110 111 112 112 113 109 114 109 115 109 116 26 3 3 3 11 3 3 3 3 3 3 3 3 3 3 3 3 3 3 3 3 3 3 3 3 3 3 144 144 144 144 144 144 3 3 3 423 424 423 424 423 424 423 424 ,1
3 3 32 18 32 18 32 3 3 11 3 3 3 3 11 3 3 3 3 3 3 3 168 144 3 3 3 423 424 423 424 ,1
3 3 32 18 32 18 32 3 3 3 142 18 26 19 109 109 109 110 111 112 112 113 3 11 3 3 3 3 3 3 3 3 3 3 3 11 3 3 3 3 3 3 3 144 144 144 3 3 3 3 3 3 3 3 3 3 3 3 3 423 424 423 424 ,1
3 32 18 32 18 32 3 3 3 3 3 11 3 168 3 3 3 3 3 3 3 3 3 3 3 3 3 3 3 3 3 3 3 144 3 3 3 423 424 423 424 ,1
3 32 18 32 18 32 3 3 3 11 3 3 3 3 3 3 3 3 3 3 3 3 3 3 3 168 144 3 3 3 3 3 423 424 423 424 ,1
3 3 32 18 32 18 32 3 3 3 142 18 26 19 109 109 109 110 111 112 112 113 109 114 109 115 109 116 26 3 11 3 168 3 3 3 3 3 3 3 3 3 3 11 3 3 11 3 3 3 3 3 3 144 3 3 3 423 424 423 424 ,1
3 3 32 18 32 18 32 3 3 3 142 18 26 19 109 109 109 110 111 112 112 113 109 114 109 115 109 116 26 3 11 3 3 3 3 3 3 3 3 3 3 3 3 3 3 3 3 3 3 3 3 3 3 3 144 144 144 144 3 3 3 3 3 3 3 3 3 3 3 3 3 423 424 423 424 ,1
3 3 32 18 32 18 32 3 3 3 11 3 3 3 3 3 3 3 3 3 3 3 3 3 3 3 168 144 3 3 3 3 3 423 424 423 424 ,1
32 18 32 18 32 3 3 3 3 3 142 18 26 19 109 109 109 110 111 112 112 113 3 11 3 3 3 3 3 3 3 3 3 3 3 3 3 168 144 3 3 3 3 3 423 424 423 424 ,1
32 18 32 18 32 3 3 3 142 18 26 19 109 109 109 110 111 112 112 113 109 114 109 115 109 116 26 27 3 11 3 3 3 3 3 3 3 3 3 3 3 3 3 3 3 3 3 3 144 144 3 3 423 424 423 424 ,1
3 3 3 3 32 18 32 18 32 3 3 3 3 3 3 3 3 3 3 3 3 3 3 3 3 3 3 3 3 3 3 3 3 3 3 3 144 144 144 144 144 144 144 144 3 3 423 424 423 424 ,1
3 3 32 18 32 18 32 3 3 3 3 3 3 3 11 3 3 3 3 3 3 3 3 3 3 3 3 3 3 3 3 3 11 3 11 3 3 3 3 144 144 144 144 144 144 144 144 144 144 144 144 3 3 3 3 3 3 3 144 144 144 144 144 144 144 144 144 144 144 144 3 3 3 3 3 423 424 423 424 430 ,1
32 18 32 18 32 3 3 3 3 11 3 168 3 3 3 3 3 3 3 3 3 3 3 3 3 3 3 3 3 144 3 3 3 423 424 423 424 ,1
3 3 32 18 32 18 32 3 3 3 3 3 3 3 3 3 3 3 3 3 3 3 11 3 3 3 3 144 3 3 3 3 144 144 144 144 144 144 144 144 144 144 144 144 423 424 423 424 ,1
3 3 32 18 32 18 32 3 3 3 3 142 18 26 19 109 109 109 110 111 112 112 3 11 3 3 3 3 3 3 3 3 3 3 3 3 3 3 3 3 3 3 144 3 3 423 424 423 424 ,1
3 3 3 32 18 32 18 32 3 3 3 142 18 26 19 109 109 109 110 111 112 112 113 109 114 109 115 109 116 26 27 3 142 18 26 19 109 109 109 110 111 112 112 3 11 3 168 3 3 3 3 3 3 3 3 3 3 11 3 3 3 3 3 144 3 3 53 120 423 424 423 424 ,1
3 3 32 18 32 18 32 3 3 3 3 3 3 3 3 3 3 3 3 168 144 423 424 423 424 ,1
3 3 32 18 32 18 32 3 3 3 3 3 3 3 3 3 3 3 3 3 3 3 3 11 3 3 3 3 144 3 3 3 144 144 144 144 144 144 144 144 144 144 144 144 423 424 423 424 ,1
32 18 32 18 32 3 3 3 3 3 11 3 3 3 3 3 3 3 3 3 3 3 3 3 3 3 3 3 3 3 3 3 3 3 3 3 144 144 144 144 144 144 144 144 144 144 144 3 3 3 3 3 53 120 423 424 423 424 ,1
32 18 32 18 32 3 3 11 3 3 3 3 3 3 11 3 3 3 3 3 3 3 168 144 3 3 3 53 120 53 120 53 120 53 120 53 120 53 120 354 423 424 423 424 354 ,1
3 3 3 32 18 32 18 32 3 3 3 3 3 168 3 3 3 3 3 3 3 3 11 3 3 3 144 423 424 423 424 ,1
3 3 3 32 18 32 18 32 3 3 3 3 3 3 3 3 3 3 3 3 3 168 144 423 424 423 424 ,1
3 3 3 3 3 3 3 3 184 3 3 3 3 3 3 3 3 144 3 3 3 144 144 3 3 3 3 3 3 3 3 3 3 3 3 4 6 7 4 6 7 144 423 424 423 424 430 430 ,1
32 18 32 18 32 3 3 3 142 18 26 19 109 109 109 110 111 112 112 3 11 3 3 3 3 3 3 3 3 3 3 3 3 3 3 3 3 3 3 3 3 3 144 144 423 424 423 424 423 424 ,1
3 3 32 18 32 18 32 3 3 3 3 3 3 3 3 3 3 3 3 3 3 3 168 144 3 423 424 423 424 ,1
3 3 32 18 32 18 32 3 3 3 3 3 3 11 3 3 3 3 3 3 3 3 3 3 3 3 3 3 3 3 3 3 11 3 11 3 3 3 3 144 144 144 144 144 144 144 144 144 144 144 144 3 3 3 3 3 3 144 144 144 144 144 144 144 144 144 144 144 144 3 3 3 3 3 423 424 423 424 ,1
3 3 3 3 3 32 18 32 18 32 3 3 3 3 3 3 11 3 3 3 3 3 3 3 3 3 3 3 3 3 3 3 3 3 3 3 11 3 3 11 3 3 3 3 144 3 3 3 3 144 144 144 144 144 144 144 144 144 144 144 144 3 3 3 3 144 144 423 424 423 424 ,1
3 3 32 18 32 18 32 3 3 3 142 18 26 19 109 109 109 110 111 112 112 3 3 11 3 168 3 3 3 3 3 3 3 3 3 3 3 3 144 3 3 423 424 423 424 ,1
3 3 32 18 32 18 32 3 3 3 3 142 18 26 19 109 109 109 110 111 112 112 113 109 114 109 115 109 116 26 3 3 3 11 3 3 3 3 3 3 3 3 3 3 3 3 3 3 3 3 3 3 3 3 3 3 3 3 3 3 3 3 3 3 3 3 3 3 144 144 144 144 144 3 423 424 423 424 ,1
3 3 32 18 32 18 32 3 3 3 142 18 26 19 109 109 109 110 111 112 112 113 109 114 109 115 109 116 26 3 142 18 26 19 109 109 109 110 111 112 112 3 11 3 3 3 3 3 3 3 3 3 3 3 3 3 3 3 3 3 3 3 3 3 3 3 144 3 3 423 424 423 424 423 424 ,1
3 3 32 18 32 18 32 3 3 3 3 3 142 18 26 19 109 109 109 110 111 112 112 113 109 114 109 115 109 116 26 11 3 3 3 3 3 3 3 3 3 3 3 3 144 144 3 3 3 3 423 424 423 424 ,1
3 3 32 18 32 18 32 3 3 3 3 3 142 18 26 19 109 109 109 110 111 112 112 113 109 114 109 115 109 116 26 3 3 3 3 3 3 3 3 3 3 144 144 423 424 423 424 ,1
3 3 32 18 32 18 32 3 3 3 3 11 3 3 3 3 3 3 3 3 3 3 3 3 3 3 3 3 3 11 3 3 3 3 3 144 144 144 144 3 3 3 144 144 144 144 144 144 144 144 144 144 144 144 3 3 3 3 53 120 53 120 53 120 12 53 120 354 354 423 424 423 424 354 ,1
3 3 32 18 32 18 32 3 3 3 142 18 26 19 109 109 109 110 111 112 112 113 109 114 109 115 109 116 26 11 3 3 3 3 3 3 3 3 3 3 3 3 144 144 3 3 3 3 144 423 424 423 424 ,1
32 18 32 18 32 3 3 3 3 3 142 18 26 19 109 109 109 110 111 112 112 113 3 11 3 3 3 3 3 3 3 3 11 3 3 3 3 3 3 3 168 144 3 3 3 3 3 423 424 423 424 ,1
3 32 18 32 18 32 3 3 3 11 3 168 3 3 3 3 3 3 3 3 3 3 3 3 3 3 3 3 3 144 3 3 3 339 339 339 339 339 339 339 339 339 339 339 339 339 339 339 339 339 339 339 339 339 339 339 339 339 339 339 339 339 423 424 423 424 ,1
3 32 18 32 18 32 3 3 3 3 168 3 3 3 3 3 3 3 3 3 3 11 3 3 3 3 144 3 4 6 7 144 423 424 423 424 ,1
3 3 32 18 32 18 32 3 3 3 3 142 18 26 19 109 109 109 110 111 112 112 113 109 114 109 115 109 116 26 3 11 3 3 3 3 3 3 3 3 3 3 3 3 3 3 3 3 3 3 3 3 144 3 3 423 424 423 424 ,1
3 3 3 32 18 32 18 32 3 3 3 3 3 3 3 3 3 3 3 3 3 3 3 168 144 3 144 423 424 423 424 ,1
3 3 3 3 32 18 32 18 32 3 3 3 142 18 26 19 109 109 109 110 111 112 112 3 3 3 11 3 3 3 3 3 3 3 3 3 3 3 3 3 3 3 3 3 3 3 3 3 3 3 144 144 144 144 144 144 3 3 3 144 423 424 423 424 423 424 423 424 ,1
7 4 6 7 4 6 7 4 6 7 4 6 7 4 6 7 4 6 7 4 6 7 4 6 6 6 7 8 4 32 18 32 18 32 3 3 3 4 6 7 3 4 6 7 4 6 7 4 6 6 7 4 6 6 7 4 6 6 7 4 6 7 4 6 7 4 6 7 4 6 7 4 6 7 4 6 6 7 4 6 7 4 6 7 4 6 7 4 6 7 4 6 7 4 6 7 4 6 7 4 6 7 4 6 7 4 6 7 4 6 7 4 6 7 4 6 7 4 6 7 ,1
3 3 3 3 32 18 32 18 32 3 3 3 3 3 3 11 3 3 3 3 3 3 3 3 3 3 3 3 3 3 3 3 3 3 3 11 3 3 11 3 3 3 3 144 3 3 3 144 144 144 144 144 144 144 144 144 144 144 144 3 3 3 3 144 144 423 424 423 424 430 ,1
32 18 32 18 32 3 3 3 3 3 11 3 3 3 3 3 3 3 3 3 3 3 3 3 3 3 3 3 11 3 3 11 3 3 3 3 144 3 3 3 3 144 144 144 144 144 144 144 144 144 144 144 144 3 3 3 3 53 120 144 144 423 424 423 424 ,1
3 3 32 18 32 18 32 3 3 3 3 142 18 26 19 109 109 109 110 111 112 112 113 109 114 109 115 109 116 26 3 11 3 3 3 3 3 3 3 3 3 3 3 3 3 3 3 3 3 3 3 144 3 3 423 424 423 424 ,1
32 18 32 18 32 3 3 3 3 3 3 3 3 3 3 3 3 3 3 3 3 11 3 3 3 3 144 3 3 3 3 144 144 144 144 144 144 144 144 144 144 144 144 423 424 423 424 ,1
3 3 32 18 32 18 32 3 3 3 3 142 18 26 19 109 109 109 110 111 112 112 113 109 114 109 115 109 116 26 3 3 3 3 3 3 3 3 3 3 3 3 3 3 3 3 3 3 3 3 3 3 3 3 3 3 3 3 3 3 3 3 144 144 144 144 144 3 423 424 423 424 ,1
3 3 3 3 3 32 18 32 18 32 3 3 3 3 11 3 3 3 3 3 3 3 3 3 3 3 3 3 3 11 3 3 3 3 3 3 144 144 3 3 3 3 144 144 144 144 144 144 144 144 144 144 144 144 3 3 3 3 423 424 423 424 ,1
3 3 3 3 32 18 32 18 32 3 3 3 3 3 3 142 18 26 19 109 109 109 110 111 112 112 113 109 114 109 115 109 116 26 11 3 3 3 3 3 3 3 3 3 3 3 3 3 3 3 3 3 3 3 3 3 3 3 3 3 3 3 3 3 3 3 3 3 3 3 3 3 3 144 144 144 144 144 3 3 3 3 3 423 424 423 424 ,1
3 3 3 3 32 18 32 18 32 3 3 3 3 3 142 18 26 19 109 109 109 110 111 112 112 3 11 3 3 3 3 3 3 3 3 3 3 3 3 3 3 3 3 3 3 144 3 3 144 423 424 423 424 ,1
3 3 3 3 32 18 32 18 32 3 3 3 3 3 11 3 3 3 3 3 3 3 3 3 3 3 3 3 3 3 3 3 3 3 11 3 3 11 3 3 3 3 144 3 3 3 3 144 144 144 144 144 144 144 144 144 144 144 144 3 3 3 3 144 144 423 424 423 424 430 ,1
3 32 18 32 18 32 3 3 3 3 3 11 3 3 3 3 3 3 3 3 3 3 3 3 3 168 144 3 3 3 3 3 423 424 423 424 ,1
3 32 18 32 18 32 3 3 3 11 3 3 3 3 3 3 3 3 3 3 3 3 3 168 144 3 3 3 3 3 423 424 423 424 ,1
3 3 32 18 32 18 32 3 3 3 3 3 3 3 3 3 3 3 3 3 3 168 144 144 423 424 423 424 ,1
32 18 32 18 32 3 3 3 142 18 26 19 109 109 109 110 111 112 112 3 3 3 3 3 3 3 3 3 3 3 3 3 11 3 3 3 3 144 144 423 424 423 424 ,1
32 18 32 18 32 3 3 3 3 11 3 168 3 3 3 3 3 3 3 3 3 3 3 3 144 3 3 423 424 423 424 ,1
32 18 32 18 32 3 3 3 142 18 26 19 109 109 109 110 111 112 112 113 109 114 109 115 109 116 26 3 142 18 26 19 109 109 109 110 111 112 112 3 11 3 3 3 3 3 3 3 3 3 3 3 3 3 3 3 3 3 3 3 3 3 3 3 144 144 144 144 144 144 3 3 3 3 3 3 3 3 3 3 423 424 423 424 ,1
3 32 18 32 18 32 3 3 3 3 11 3 168 3 3 3 3 3 3 3 3 3 3 3 3 11 3 3 3 3 3 3 144 3 3 3 423 424 423 424 ,1
3 32 18 32 18 32 3 3 3 3 3 3 3 3 3 3 3 3 3 3 3 168 144 3 423 424 423 424 ,1
3 3 32 18 32 18 32 3 3 3 142 18 26 19 109 109 109 110 111 112 112 113 3 3 3 3 3 3 3 3 3 3 3 3 3 3 3 11 3 3 3 3 3 144 144 423 424 423 424 ,1
32 18 32 18 32 3 3 3 142 18 26 19 109 109 109 110 111 112 112 3 11 3 3 3 3 3 3 3 3 3 3 3 3 3 3 3 3 3 3 3 3 3 3 3 144 144 144 144 144 144 3 3 3 423 424 423 424 423 424 423 424 ,1
32 18 32 18 32 3 3 3 3 142 18 26 19 109 109 109 110 111 112 112 113 109 114 109 115 109 116 26 3 3 11 3 168 3 3 3 3 3 3 3 3 3 3 3 3 3 3 3 3 3 3 3 3 144 3 3 3 423 424 423 424 ,1
3 3 3 3 32 18 32 18 32 3 3 3 3 3 3 3 3 3 3 3 11 3 3 3 3 144 3 3 3 3 144 144 144 144 144 144 144 144 144 144 144 144 423 424 423 424 ,1
3 3 32 18 32 18 32 3 3 3 3 11 3 168 3 3 3 3 3 3 3 3 3 3 3 3 3 3 3 3 3 3 144 3 3 3 423 424 423 424 ,1
3 3 32 18 32 18 32 3 3 3 3 3 3 3 11 3 3 3 3 3 3 3 3 3 3 3 3 3 3 3 3 3 11 3 11 3 3 3 3 144 144 144 144 3 3 3 144 144 144 144 144 144 144 144 144 144 144 144 3 3 3 3 144 144 423 424 423 424 ,1
32 18 32 18 32 3 3 3 142 18 26 19 109 109 109 110 111 112 112 113 109 114 109 115 109 116 26 3 11 3 168 3 3 3 3 3 3 3 3 3 3 3 3 3 3 3 3 144 3 3 3 53 120 423 424 423 424 ,1
32 18 32 18 32 3 3 3 3 142 18 26 19 109 109 109 110 111 112 112 113 109 114 109 115 109 116 26 3 142 18 26 19 109 109 109 110 111 112 112 3 3 3 3 3 3 3 3 3 3 3 3 3 3 3 3 3 3 3 3 3 3 3 3 3 3 3 3 3 3 3 3 3 3 144 144 144 144 144 144 3 248 250 423 424 423 424 ,1
3 32 18 32 18 32 3 3 3 3 3 168 3 3 3 3 3 3 3 3 3 3 3 144 423 424 423 424 ,1
3 3 32 18 32 18 32 3 3 3 3 3 142 18 26 19 109 109 109 110 111 112 112 113 109 114 109 115 109 116 26 3 142 18 26 19 109 109 109 110 111 112 112 3 11 3 3 3 3 3 3 3 3 3 3 3 3 3 3 3 3 3 3 11 3 3 3 3 3 3 3 144 3 3 3 3 53 120 144 144 354 354 423 424 423 424 423 424 ,1
3 32 18 32 18 32 3 3 3 3 3 11 3 3 3 3 3 3 3 3 3 3 3 3 3 3 3 168 144 3 3 3 3 3 325 246 4 6 6 6 6 6 6 6 6 6 6 6 6 6 6 6 6 6 6 6 6 6 6 6 6 6 6 6 6 6 6 6 6 6 6 6 6 6 6 6 6 6 6 6 6 6 6 6 6 6 6 6 6 6 6 6 6 6 6 6 6 6 6 6 6 6 6 6 6 6 6 6 6 6 6 6 6 6 6 6 6 6 6 6 ,1
3 32 18 32 18 32 3 3 11 3 3 3 3 3 3 3 3 3 3 3 3 3 168 144 3 3 3 144 423 424 423 424 ,1
3 3 3 32 18 32 18 32 3 3 3 142 18 26 19 109 109 109 110 111 112 112 113 109 114 109 115 109 116 26 11 3 3 3 3 3 3 3 3 3 3 3 3 3 168 144 3 3 3 423 424 423 424 ,1
3 3 32 18 32 18 32 3 3 3 3 142 18 26 19 109 109 109 110 111 112 112 113 109 114 109 115 109 116 26 27 3 3 3 11 3 3 3 3 3 3 3 3 3 3 3 3 3 3 3 3 3 3 3 3 3 3 3 144 144 144 144 144 144 3 3 3 53 120 53 120 53 120 53 120 53 120 53 120 423 424 423 424 423 424 423 424 ,1
3 3 32 18 32 18 32 3 3 3 3 3 3 142 18 26 19 109 109 109 110 111 112 112 113 109 114 109 115 109 116 26 3 11 3 3 3 3 3 3 3 3 3 3 3 3 3 3 3 3 3 3 3 3 3 3 144 144 144 144 144 144 144 3 3 3 423 424 423 424 ,1
32 18 32 18 32 3 3 3 3 3 168 3 3 3 3 3 3 3 3 3 3 3 144 53 120 53 120 423 424 423 424 ,1
3 32 18 32 18 32 3 3 3 3 3 142 18 26 19 109 109 109 110 111 112 112 113 109 114 109 115 109 116 26 11 3 3 3 3 3 3 3 3 3 3 3 3 3 3 3 168 3 3 144 144 3 3 3 3 3 423 424 423 424 ,1
3 3 3 3 3 3 3 3 3 3 3 3 3 3 3 3 11 11 3 3 3 142 18 26 19 109 109 109 110 111 112 112 3 11 3 3 3 3 11 11 11 11 11 11 3 3 3 3 3 3 3 3 3 3 3 3 3 3 3 3 3 3 184 3 11 3 3 3 3 3 3 3 3 3 3 3 3 3 3 3 3 3 3 184 188 184 188 184 188 184 188 144 144 3 3 3 184 184 186 3 3 3 3 3 3 3 3 3 3 144 423 424 423 424 430 ,1
32 18 32 18 32 3 3 3 3 142 18 26 19 109 109 109 110 111 112 112 113 3 11 3 3 3 3 3 3 3 3 3 3 3 3 3 3 3 3 3 3 3 3 3 3 3 3 3 3 3 3 3 3 3 3 3 3 144 144 144 144 144 3 3 3 423 424 423 424 ,1
32 18 32 18 32 3 3 3 142 18 26 19 109 109 109 110 111 112 112 113 109 114 109 115 109 116 26 3 3 11 3 168 3 3 3 3 3 3 3 3 3 3 3 3 144 3 3 423 424 423 424 ,1
3 3 3 32 18 32 18 32 3 3 3 142 18 26 19 109 109 109 110 111 112 112 3 11 3 168 3 3 3 3 3 3 3 3 3 3 3 3 3 3 3 3 144 3 3 3 423 424 423 424 354 ,1
32 18 32 18 32 3 3 3 3 11 3 3 3 3 3 3 3 3 3 3 3 3 45 11 3 3 3 3 3 3 3 3 3 3 144 144 144 144 144 144 3 3 3 53 120 354 423 424 423 424 423 424 423 424 ,1
3 32 18 32 18 32 3 3 3 3 3 142 18 26 19 109 109 109 110 111 112 112 3 3 11 3 168 3 3 3 3 3 3 3 3 3 3 11 3 3 3 3 3 3 144 3 3 3 423 424 423 424 ,1
32 18 32 18 32 3 3 3 3 3 3 142 18 26 19 109 109 109 110 111 112 112 113 109 114 109 115 109 116 26 3 11 3 3 3 3 3 3 3 3 3 3 3 3 3 3 3 3 3 3 3 3 3 3 3 3 3 3 3 3 3 3 3 3 3 3 144 144 144 144 144 3 3 3 423 424 423 424 ,1
3 3 32 18 32 18 32 3 3 3 3 3 11 3 3 3 3 3 3 3 3 3 3 3 3 3 3 3 3 3 3 3 3 3 3 3 3 3 3 144 144 144 144 144 144 144 3 3 3 3 3 144 423 424 423 424 423 424 423 424 423 424 ,1
3 3 32 18 32 18 32 3 3 3 3 142 18 26 19 109 109 109 110 111 112 112 113 109 114 109 115 109 116 26 27 3 142 18 26 19 109 109 109 110 111 112 112 3 11 3 3 3 3 3 3 3 3 3 3 3 3 3 3 3 3 3 3 3 3 3 3 3 3 3 3 144 144 144 144 144 144 144 3 3 3 423 424 423 424 ,1
3 32 18 32 18 32 3 3 3 3 11 3 168 3 3 3 3 3 3 3 3 3 3 3 3 144 3 3 423 424 423 424 ,1
3 3 32 18 32 18 32 3 3 3 142 18 26 19 109 109 109 110 111 112 112 113 109 114 109 115 109 116 26 3 142 18 26 19 109 109 109 110 111 112 112 3 3 3 3 3 3 3 3 3 3 3 3 3 3 3 11 3 3 3 3 3 144 423 424 423 424 423 424 ,1
3 3 32 18 32 18 32 3 3 3 3 3 142 18 26 19 109 109 109 110 111 112 112 113 109 114 109 115 109 116 26 3 11 3 3 3 3 3 3 3 3 3 3 3 3 3 3 3 3 3 3 3 144 3 3 144 423 424 423 424 ,1
32 18 32 18 32 3 3 3 3 3 142 18 26 19 109 109 109 110 111 112 112 3 11 3 3 3 3 3 3 3 3 3 3 3 3 3 3 3 3 3 3 3 3 3 3 3 3 144 144 3 3 3 3 144 423 424 423 424 ,1
3 3 3 32 18 32 18 32 3 3 3 3 3 3 3 3 8 4 6 6 6 6 6 6 6 6 6 6 6 6 6 6 6 6 6 6 6 6 6 6 6 6 6 6 6 6 6 6 3 3 3 3 11 3 3 184 3 3 144 4 6 6 6 6 6 6 6 6 6 6 6 6 6 6 6 6 6 6 6 7 3 3 4 6 6 6 6 6 6 6 6 7 144 144 3 3 144 144 3 3 144 144 144 144 144 144 4 6 7 4 6 6 7 4 6 8 4 248 248 4 ,1
32 18 32 18 32 3 3 3 3 142 18 26 19 109 109 109 110 111 112 112 113 11 3 3 3 3 3 3 3 3 3 3 3 3 11 3 3 3 3 3 3 3 3 3 3 144 144 144 144 144 144 3 3 3 354 423 424 423 424 423 424 423 424 ,1
3 3 3 3 32 18 32 18 32 3 3 3 3 142 18 26 19 109 109 109 110 111 112 112 113 109 114 109 115 109 116 26 3 3 3 3 3 3 3 3 3 3 3 3 3 3 3 3 3 3 3 3 3 3 3 3 144 144 144 144 144 144 144 144 3 3 423 424 423 424 ,1
3 32 18 32 18 32 3 3 3 142 18 26 19 109 109 109 110 111 112 112 113 109 114 109 115 109 116 26 3 11 3 3 3 3 3 3 3 3 3 3 3 3 3 168 144 3 3 3 423 424 423 424 ,1
3 3 32 18 32 18 32 3 3 3 142 18 26 19 109 109 109 110 111 112 112 113 109 114 109 115 109 116 26 3 11 3 3 3 3 3 3 3 3 3 3 3 3 3 3 3 3 3 3 3 3 3 3 3 3 3 144 144 144 144 144 144 144 144 144 3 3 423 424 423 424 ,1
32 18 32 18 32 3 3 3 3 142 18 26 19 109 109 109 110 111 112 112 113 109 114 109 115 109 116 26 11 3 3 3 3 3 3 3 3 3 3 3 3 3 3 3 3 3 3 3 3 3 3 3 3 3 3 3 3 3 3 3 3 3 3 144 144 144 144 144 3 3 3 423 424 423 424 ,1
3 32 18 32 18 32 3 3 3 3 3 11 3 3 3 3 3 3 3 3 3 3 3 3 3 3 3 3 3 11 4 6 7 3 3 3 3 3 4 6 6 6 7 4 6 6 6 7 4 6 6 7 144 144 144 144 144 144 144 4 6 7 3 3 3 3 144 144 144 3 144 144 3 144 144 144 144 144 144 3 3 3 3 4 6 6 6 6 6 6 6 6 6 7 4 6 4 6 6 6 6 6 6 6 6 6 6 6 6 6 6 7 4 6 6 6 6 6 6 6 ,1
3 3 32 18 32 18 32 3 3 3 3 3 3 142 18 26 19 109 109 109 110 111 112 112 3 11 3 3 3 3 3 3 3 3 3 3 3 3 3 3 3 3 3 3 3 3 3 3 3 3 3 144 144 144 144 144 144 144 144 144 144 144 3 3 3 423 424 423 424 ,1
3 3 32 18 32 18 32 3 3 3 142 18 26 19 109 109 109 110 111 112 112 3 3 3 3 3 3 3 3 3 3 3 3 3 3 3 3 3 3 144 144 423 424 423 424 423 424 ,1
3 3 3 3 32 18 32 18 32 3 3 3 142 18 26 19 109 109 109 110 111 112 112 3 3 3 3 3 3 3 3 3 3 3 3 3 3 3 3 3 3 3 3 144 144 423 424 423 424 423 424 ,1
4 6 7 3 3 3 32 18 32 18 32 3 3 4 6 7 3 11 3 3 3 3 3 3 3 3 3 3 3 3 3 3 3 3 3 3 3 3 3 3 3 3 3 3 3 3 3 3 3 3 144 144 144 144 144 3 3 3 4 6 7 423 424 423 424 355 357 ,1
3 3 3 3 3 32 18 32 18 32 3 3 3 3 3 11 3 3 3 3 3 3 3 3 3 3 3 3 3 3 3 168 3 3 144 144 3 3 3 3 3 423 424 423 424 ,1
3 32 18 32 18 32 3 3 3 3 3 11 3 168 3 3 3 3 3 3 3 3 3 3 11 3 3 11 3 3 3 3 3 3 144 3 3 3 423 424 423 424 ,1
3 3 32 18 32 18 32 3 3 3 142 18 26 19 109 109 109 110 111 112 112 113 3 11 3 3 3 3 3 3 3 3 3 3 3 3 3 3 3 3 3 3 3 3 144 144 144 3 3 3 3 3 3 3 3 3 3 3 3 3 423 424 423 424 ,1
32 18 32 18 32 3 3 3 3 3 3 11 3 3 3 3 3 3 3 3 3 3 3 3 3 11 3 3 3 3 3 3 3 3 3 3 144 144 144 144 144 144 3 3 3 53 120 53 120 53 120 53 120 53 120 53 120 53 120 53 120 53 120 53 120 53 120 45 53 120 53 120 53 120 53 120 53 120 53 120 53 120 53 120 53 120 53 120 53 120 53 120 53 120 53 120 53 120 53 120 53 120 53 120 45 53 120 45 144 354 354 354 423 424 423 424 423 424 423 424 ,1
3 3 32 18 32 18 32 3 3 3 3 3 3 3 3 3 3 3 3 3 3 3 3 3 3 3 3 3 3 144 144 144 144 3 3 3 3 3 3 3 3 3 3 144 423 424 423 424 ,1
3 32 18 32 18 32 3 3 3 11 3 168 3 3 3 3 3 3 3 3 3 3 3 3 11 3 3 11 3 3 3 3 3 3 144 3 3 3 423 424 423 424 ,1
3 32 18 32 18 32 3 3 3 3 3 168 3 3 3 3 3 3 3 3 3 3 144 53 120 423 424 423 424 ,1
6 7 3 3 3 3 11 11 11 11 3 3 3 3 3 168 187 3 3 3 3 3 3 3 3 3 3 3 3 3 3 3 3 3 8 4 6 6 6 6 6 6 6 6 6 6 6 6 6 6 6 6 6 6 6 6 6 6 6 6 6 6 6 6 6 6 3 11 3 3 3 3 3 3 3 3 3 3 3 3 144 4 6 6 7 3 3 3 3 4 6 248 248 248 248 248 248 248 248 248 248 248 248 248 248 248 4 6 6 6 6 6 6 6 6 6 6 6 6 6 ,1
3 3 32 18 32 18 32 3 3 3 3 3 3 3 3 142 18 26 19 109 109 109 110 111 112 112 113 109 114 109 115 109 116 26 3 11 3 3 3 3 3 3 3 3 3 3 3 3 3 3 3 3 3 3 3 3 3 3 3 3 3 3 3 3 3 3 3 3 3 3 3 3 3 3 144 144 144 144 144 3 3 3 3 3 423 424 423 424 ,1
3 3 3 3 32 18 32 18 32 3 3 3 3 142 18 26 19 109 109 109 110 111 112 112 113 109 114 109 115 109 116 26 3 11 3 3 3 3 3 3 3 3 3 3 3 3 3 3 3 3 3 3 3 3 3 3 3 3 3 3 3 3 3 3 3 3 144 144 144 144 144 3 3 3 423 424 423 424 ,1
3 3 32 18 32 18 32 3 3 3 3 142 18 26 19 109 109 109 110 111 112 112 113 109 114 109 115 109 116 26 3 11 3 3 3 3 3 3 3 3 3 3 3 3 3 3 3 3 3 3 3 3 3 3 3 3 3 3 3 3 3 3 3 3 3 3 144 144 144 144 144 3 423 424 423 424 ,1
32 18 32 18 32 3 3 3 3 142 18 26 19 109 109 109 110 111 112 112 113 109 114 109 115 109 116 26 3 142 18 26 19 109 109 109 110 111 112 112 3 11 3 3 3 3 3 3 3 3 3 3 3 3 3 3 11 3 3 3 3 3 3 3 3 3 3 144 144 144 144 144 144 144 3 3 3 53 120 53 120 53 120 423 424 423 424 ,1
32 18 32 18 32 3 3 3 11 3 3 3 3 3 3 3 3 3 3 3 3 3 3 3 3 3 3 3 3 3 3 3 144 144 144 144 144 3 3 3 3 3 3 3 3 3 3 3 3 3 423 424 423 424 427 427 427 427 ,1
3 3 32 18 32 18 32 3 3 11 3 3 3 3 3 3 3 3 3 3 3 3 3 3 3 11 3 3 3 3 3 3 144 3 3 3 3 144 144 144 144 144 144 144 144 144 144 144 144 3 3 3 3 423 424 423 424 ,1
3 32 18 32 18 32 3 3 3 3 3 168 3 3 3 3 3 3 3 3 3 3 3 3 3 144 3 8 4 6 6 6 6 6 6 6 6 6 6 6 6 6 6 6 6 6 6 6 6 6 6 6 6 6 6 6 6 6 6 423 424 423 424 ,1
3 32 18 32 18 32 3 3 11 3 3 3 3 3 3 3 3 11 3 3 3 3 3 3 3 168 144 3 3 3 423 424 423 424 ,1
32 18 32 18 32 3 3 3 142 18 26 19 109 109 109 110 111 112 112 113 109 114 109 115 109 116 26 11 3 3 3 3 3 3 11 3 3 3 3 3 3 3 168 144 3 3 3 423 424 423 424 ,1
32 18 32 18 32 3 3 3 3 3 3 142 18 26 19 109 109 109 110 111 112 112 113 109 114 109 115 109 116 26 3 142 18 26 19 109 109 109 110 111 112 112 113 11 3 3 3 3 3 3 3 3 3 3 3 3 3 11 3 3 3 3 3 3 3 3 3 3 144 144 144 144 144 144 3 3 3 53 120 53 120 354 354 354 354 354 423 424 423 424 423 424 423 424 ,1
3 3 32 18 32 18 32 3 3 3 11 3 3 3 3 3 3 3 3 3 3 3 3 3 3 3 3 3 3 3 3 3 3 144 144 144 3 3 3 3 3 3 3 3 3 3 3 3 3 53 120 53 120 53 120 53 120 53 120 53 120 53 120 53 120 53 120 53 120 354 423 424 423 424 ,1
3 3 32 18 32 18 32 3 3 3 3 3 142 18 26 19 109 109 109 110 111 112 112 113 109 114 109 115 109 116 26 3 11 3 3 3 3 3 3 3 3 3 3 3 3 3 3 3 11 3 3 3 3 3 3 3 3 3 3 144 144 144 144 144 144 144 144 144 3 3 3 3 423 424 423 424 423 424 423 424 423 424 ,1
32 18 32 18 32 3 3 3 3 142 18 26 19 109 109 109 110 111 112 112 113 109 114 109 115 109 116 26 27 3 11 3 3 3 3 3 3 3 3 3 3 3 3 3 3 3 3 3 3 3 3 3 3 3 3 3 3 3 3 3 3 3 3 144 144 144 144 144 3 423 424 423 424 ,1
3 3 32 18 32 18 32 3 3 3 3 3 142 18 26 19 109 109 109 110 111 112 112 3 11 3 3 3 3 3 3 3 3 3 3 3 3 3 3 3 3 3 3 3 3 3 3 3 3 3 3 3 3 3 3 3 3 3 3 3 3 3 3 168 144 144 144 144 144 3 3 3 3 3 423 424 423 424 ,1
3 32 18 32 18 32 3 3 3 3 3 3 142 18 26 19 109 109 109 110 111 112 112 113 109 114 109 115 109 116 26 11 3 3 3 3 3 3 3 3 11 3 3 3 3 3 3 3 168 144 3 3 3 3 3 423 424 423 424 ,1
3 3 32 18 32 18 32 3 3 3 3 142 18 26 19 109 109 109 110 111 112 112 113 109 114 109 115 109 116 26 3 11 3 3 3 3 3 3 3 3 3 3 3 3 3 3 3 3 3 3 3 3 3 3 3 3 3 3 3 144 144 144 144 144 144 144 144 3 3 3 3 144 423 424 423 424 ,1
3 32 18 32 18 32 3 3 3 3 11 3 168 3 3 3 3 3 3 3 3 3 3 3 3 3 3 3 3 3 144 3 3 3 45 96 356 423 424 423 424 ,1
3 3 3 3 32 18 32 18 32 3 3 3 3 168 3 3 3 3 3 3 3 3 11 3 3 3 144 423 424 423 424 ,1
3 3 32 18 32 18 32 3 3 3 3 142 18 26 19 109 109 109 110 111 112 112 113 109 114 109 115 109 116 26 3 142 18 26 19 109 109 109 110 111 112 112 3 11 3 3 3 3 3 3 3 3 3 3 3 3 3 3 3 3 3 3 3 3 3 3 3 3 3 3 3 3 3 3 3 3 144 144 144 144 144 3 3 3 423 424 423 424 ,1
3 32 18 32 18 32 3 3 3 142 18 26 19 109 109 109 110 111 112 112 113 3 3 11 3 168 3 3 3 3 3 3 3 3 3 3 3 3 3 3 3 3 3 3 3 3 3 144 3 3 3 423 424 423 424 ,1
3 3 3 3 32 18 32 18 32 3 3 3 3 142 18 26 19 109 109 109 110 111 112 112 113 109 114 109 115 109 116 26 3 11 3 3 3 3 3 3 3 3 3 3 3 3 3 3 11 3 3 3 3 3 3 3 3 3 3 144 144 144 144 144 144 144 3 3 3 423 424 423 424 354 354 ,1
3 3 32 18 32 18 32 3 3 3 11 3 168 3 3 3 3 3 3 3 3 11 3 3 3 3 3 144 3 3 53 120 53 120 53 120 423 424 423 424 354 354 354 ,1
32 18 32 18 32 3 3 3 142 18 26 19 109 109 109 110 111 112 112 113 109 114 109 115 109 116 26 3 11 3 3 3 3 3 3 3 3 3 3 3 3 3 3 3 3 3 3 3 3 3 3 144 3 3 1 144 144 423 424 423 424 423 424 ,1
3 3 32 18 32 18 32 3 3 3 3 3 3 142 18 26 19 109 109 109 110 111 112 112 113 109 114 109 115 109 116 26 3 3 3 11 3 3 3 3 3 3 3 3 3 3 3 3 3 3 3 3 11 3 3 3 3 3 3 3 3 3 3 144 144 144 144 144 144 144 3 3 3 3 3 423 424 423 424 ,1
32 18 32 18 32 3 3 3 3 142 18 26 19 109 109 109 110 111 112 112 113 11 3 3 3 3 3 3 3 3 3 3 3 3 3 3 3 3 3 3 3 3 3 3 144 144 144 144 144 144 3 3 3 423 424 423 424 423 424 423 424 ,1
32 18 32 18 32 3 3 3 3 3 142 18 26 19 109 109 109 110 111 112 112 3 3 3 3 3 3 3 3 3 3 3 3 3 3 3 3 3 3 3 3 3 3 3 3 3 3 3 3 3 3 3 3 3 144 144 144 144 144 144 3 423 424 423 424 423 424 423 424 ,1
3 3 3 32 18 32 18 32 3 3 3 3 3 168 3 3 3 3 3 3 3 3 3 3 11 3 3 3 3 144 3 423 424 423 424 ,1
32 18 32 18 32 3 3 3 142 18 26 19 109 109 109 110 111 112 112 3 3 3 3 3 3 11 3 3 3 3 3 168 144 3 354 354 423 424 423 424 ,1
32 18 32 18 32 3 3 3 3 3 168 3 3 3 3 3 3 3 3 3 3 3 3 3 144 3 423 424 423 424 ,1
3 3 3 3 32 18 32 18 32 3 3 3 3 3 3 11 3 3 3 3 3 3 3 3 3 3 3 3 3 3 3 3 3 11 3 11 3 3 3 3 144 144 144 144 3 3 3 144 144 144 144 144 144 144 144 144 144 144 144 3 3 3 3 144 144 423 424 423 424 430 ,1
3 32 18 32 18 32 3 3 3 3 3 142 18 26 19 109 109 109 110 111 112 112 113 3 11 3 3 3 3 3 3 3 3 11 3 3 3 3 3 3 3 168 3 144 3 3 3 3 3 423 424 423 424 ,1
32 18 32 18 32 3 3 3 3 3 3 3 3 3 11 3 3 3 3 3 3 3 3 3 3 3 3 3 3 11 3 3 11 3 3 3 3 144 3 3 3 3 144 144 144 144 144 144 144 144 144 144 144 144 3 3 3 3 144 144 423 424 423 424 ,1
3 32 18 32 18 32 3 3 3 142 18 26 19 109 109 109 110 111 112 112 113 109 114 109 115 109 116 26 3 11 3 168 3 3 3 3 3 3 3 3 3 3 3 3 3 3 3 3 144 3 3 3 423 424 423 424 ,1
3 3 3 32 18 32 18 32 3 3 3 3 3 3 3 142 18 26 19 109 109 109 110 111 112 112 113 109 114 109 115 109 116 26 11 3 3 3 3 3 3 3 3 3 3 3 3 3 3 3 3 3 168 144 3 3 3 3 3 53 120 423 424 423 424 ,1
5 3 5 5 5 5 5 5 5 5 5 32 18 5 5 32 18 32 5 5 5 5 5 5 5 5 5 3 5 5 5 5 5 3 5 5 5 3 11 3 3 3 3 3 3 5 5 5 5 5 3 3 3 3 3 3 3 3 3 3 3 11 3 3 11 3 3 5 3 3 5 5 5 5 144 5 3 3 3 3 5 5 144 144 3 144 144 3 144 144 144 144 144 144 144 5 5 5 5 3 3 5 5 5 5 5 5 5 5 5 5 5 5 5 5 5 5 5 5 5 ,1
3 3 32 18 32 18 32 3 3 3 142 18 26 19 109 109 109 110 111 112 112 3 3 3 3 3 3 3 3 3 3 3 3 3 3 3 11 3 3 3 3 3 144 423 424 423 424 423 424 ,1
3 3 32 18 32 18 32 3 3 3 3 3 3 11 3 3 3 3 3 3 3 3 3 3 3 3 3 3 3 3 3 3 3 3 3 3 3 3 3 3 3 3 3 3 3 3 144 144 144 144 144 3 3 3 53 120 53 120 53 120 53 120 53 120 53 120 53 120 53 120 53 120 53 120 53 120 423 424 423 424 ,1
3 3 3 32 18 32 18 32 3 3 3 142 18 26 19 109 109 109 110 111 112 112 113 109 114 109 115 109 116 26 3 142 18 26 19 109 109 109 110 111 112 112 3 3 3 3 3 3 3 3 3 3 3 168 144 423 424 423 424 ,1
3 3 32 18 32 18 32 3 3 3 142 18 26 19 109 109 109 110 111 112 112 113 109 114 109 115 109 116 26 3 3 3 3 3 3 3 3 3 3 3 3 3 3 3 3 3 3 144 423 424 423 424 ,1
4 6 6 6 6 6 6 7 4 6 6 6 6 7 3 32 18 32 18 32 4 6 6 6 6 6 7 4 6 6 7 4 6 6 6 6 6 6 6 6 6 7 4 6 6 6 6 6 7 3 3 3 3 3 4 6 6 6 6 7 4 6 6 6 6 6 6 6 6 6 6 7 4 6 6 6 6 7 4 6 6 7 4 6 7 4 6 6 6 6 6 6 6 6 6 6 6 6 7 4 6 7 4 6 7 4 6 6 6 6 6 6 6 6 6 7 4 6 6 6 ,1
3 32 18 32 18 32 3 3 3 142 18 26 19 109 109 109 110 111 112 112 3 11 3 168 3 3 3 3 3 3 3 3 3 3 11 3 3 3 3 3 3 144 3 3 3 53 120 354 356 423 424 423 424 ,1
32 18 32 18 32 3 3 3 142 18 26 19 109 109 109 110 111 112 112 113 109 114 109 115 109 116 26 3 3 3 3 3 11 3 3 3 3 3 168 144 3 423 424 423 424 ,1
32 18 32 18 32 3 3 3 3 3 11 3 3 3 3 3 3 3 3 3 3 3 3 3 3 3 3 11 3 11 3 3 3 3 144 144 144 3 3 3 144 144 144 144 144 144 144 144 144 144 144 144 3 3 3 3 144 423 424 423 424 430 ,1
3 32 18 32 18 32 3 3 3 142 18 26 19 109 109 109 110 111 112 112 113 109 114 109 115 109 116 26 3 3 11 3 168 3 3 3 3 3 3 3 3 3 3 3 3 3 3 3 3 3 144 3 3 3 423 424 423 424 ,1
3 32 18 32 18 32 3 3 3 142 18 26 19 109 109 109 110 111 112 112 3 11 3 168 3 3 3 3 3 3 3 3 3 3 3 3 3 3 3 3 144 3 3 3 144 423 424 423 424 ,1
3 32 18 32 18 32 3 3 3 142 18 26 19 109 109 109 110 111 112 112 113 109 114 109 115 109 116 26 3 142 18 26 19 109 109 109 110 111 112 112 113 11 3 3 3 3 3 3 3 3 3 3 3 3 3 168 144 3 3 3 423 424 423 424 ,1
3 32 18 32 18 32 3 3 3 142 18 26 19 109 109 109 110 111 112 112 3 3 3 3 3 3 11 3 3 3 3 168 144 3 53 120 53 120 53 120 53 120 53 120 53 120 144 423 424 423 424 ,1
3 3 32 18 32 18 32 3 3 3 142 18 26 19 109 109 109 110 111 112 112 113 3 11 3 3 3 3 3 3 3 3 3 3 3 3 3 3 3 3 3 3 3 3 3 3 3 3 3 3 3 3 3 3 3 3 144 144 144 144 144 3 3 3 423 424 423 424 ,1
3 3 3 32 18 32 18 32 3 3 3 3 3 3 142 18 26 19 109 109 109 110 111 112 112 113 109 114 109 115 109 116 26 3 11 3 3 3 3 3 3 3 3 3 3 3 3 3 3 3 168 3 3 144 144 3 3 3 3 3 423 424 423 424 ,1
3 3 32 18 32 18 32 3 3 3 3 3 11 3 3 3 3 3 3 3 3 3 3 3 3 3 3 3 3 11 3 11 3 3 3 3 144 144 144 144 144 144 144 144 144 3 3 3 3 144 144 144 144 144 144 144 144 144 144 144 144 3 3 3 3 423 424 423 424 430 ,1
3 3 3 3 32 18 32 18 32 3 3 3 3 3 3 11 3 3 3 3 3 3 3 3 3 3 3 3 3 3 3 3 3 11 3 11 3 3 3 3 144 144 144 144 144 3 3 3 144 144 144 3 144 144 3 144 144 144 144 144 144 3 3 3 3 144 144 423 424 423 424 ,1
3 3 3 3 32 18 32 18 32 3 3 3 3 3 142 18 26 19 109 109 109 110 111 112 112 113 109 114 109 115 109 116 26 3 11 3 3 3 3 3 3 3 3 3 3 3 3 3 3 3 3 3 3 3 3 3 3 3 3 3 3 3 3 3 3 3 3 3 3 3 3 3 3 3 144 144 144 144 144 3 3 3 3 3 423 424 423 424 ,1
3 3 32 18 32 18 32 3 3 3 142 18 26 19 109 109 109 110 111 112 112 113 109 114 109 115 109 116 26 27 3 11 3 3 3 3 3 3 3 3 3 3 3 11 3 3 3 3 3 3 3 144 144 144 3 3 3 3 3 3 3 3 3 3 3 423 424 423 424 ,1
32 18 32 18 32 3 3 3 3 3 3 3 3 142 18 26 19 109 109 109 110 111 112 112 3 3 11 3 3 3 3 3 3 3 3 3 3 3 3 3 3 3 3 3 3 3 11 3 3 3 3 3 3 3 3 3 3 144 144 144 144 144 144 144 144 3 3 3 3 3 3 423 424 423 424 423 424 423 424 423 424 ,1
3 3 3 32 18 32 18 32 3 3 3 3 3 3 3 142 18 26 19 109 109 109 110 111 112 112 113 109 114 109 115 109 116 26 11 3 3 3 3 3 3 3 3 3 3 3 3 3 3 3 168 3 3 144 144 3 3 3 3 3 423 424 423 424 ,1
3 3 32 18 32 18 32 3 3 3 3 11 3 3 3 3 3 3 11 3 3 3 3 3 3 3 168 144 3 3 3 423 424 423 424 ,1
3 32 18 32 18 32 3 3 3 3 3 168 3 3 3 3 3 3 3 3 3 3 3 11 3 3 3 144 144 423 424 423 424 ,1
3 32 18 32 18 32 3 3 3 11 3 168 3 3 3 3 3 3 3 3 11 3 3 3 3 3 144 3 3 423 424 423 424 ,1
3 3 32 18 32 18 32 3 3 3 3 3 11 3 3 3 3 3 3 3 3 3 3 3 3 3 3 3 3 3 11 3 3 11 3 3 3 3 144 3 3 3 3 144 144 144 144 144 144 144 144 144 144 144 144 3 3 3 3 53 120 53 120 53 120 144 144 423 424 423 424 354 ,1
3 3 3 3 32 18 32 18 32 3 3 3 3 142 18 26 19 109 109 109 110 111 112 112 113 109 114 109 115 109 116 26 3 11 3 3 3 3 3 3 3 3 3 3 3 3 3 3 3 3 3 3 3 3 3 3 3 3 3 3 3 144 144 144 144 144 144 144 144 3 3 3 3 423 424 423 424 ,1
32 18 32 18 32 3 3 3 3 142 18 26 19 109 109 109 110 111 112 112 113 109 114 109 115 109 116 26 3 3 3 3 3 3 3 3 3 3 3 3 3 3 3 3 3 3 3 3 3 3 3 3 3 3 3 3 3 3 3 3 3 144 144 144 144 144 144 3 144 423 424 423 424 423 424 423 424 ,1
3 3 32 18 32 18 32 3 3 3 3 3 3 3 3 142 18 26 19 109 109 109 110 111 112 112 113 109 114 109 115 109 116 26 3 11 3 3 3 3 3 3 3 3 3 3 3 3 3 3 3 3 3 3 3 3 3 3 3 3 3 3 3 3 3 3 3 3 3 3 3 3 3 3 144 144 144 144 144 3 3 3 3 3 144 423 424 423 424 ,1
3 3 32 18 32 18 32 3 3 3 3 3 142 18 26 19 109 109 109 110 111 112 112 113 109 114 109 115 109 116 26 3 11 3 3 3 3 3 3 3 3 3 3 3 3 3 3 3 3 3 3 3 3 3 3 3 3 3 144 144 144 144 144 144 144 144 144 3 3 53 120 354 354 354 354 354 423 424 423 424 354 354 354 ,1
3 3 32 18 32 18 32 3 3 3 3 3 3 3 3 3 3 3 3 3 3 3 3 11 3 3 3 144 144 144 144 3 3 3 144 144 144 144 144 144 144 144 144 144 144 144 144 423 424 423 424 ,1
32 18 32 18 32 3 3 3 3 142 18 26 19 109 109 109 110 111 112 112 113 109 114 109 115 109 116 26 3 3 11 3 168 3 3 3 3 3 3 3 3 3 3 3 3 3 3 3 3 3 144 3 3 3 423 424 423 424 ,1
32 18 32 18 32 3 3 3 142 18 26 19 109 109 109 110 111 112 112 113 109 114 109 115 109 116 26 3 3 3 3 3 3 3 3 3 3 3 3 3 3 3 3 3 11 3 3 3 3 3 144 144 423 424 423 424 ,1
3 3 3 32 18 32 18 32 3 3 3 3 3 11 3 3 3 3 3 3 3 3 3 3 3 3 3 168 144 3 3 3 423 424 423 424 ,1
3 32 18 32 18 32 3 3 3 3 11 3 168 3 3 3 3 3 3 3 3 3 3 3 3 3 3 3 3 3 3 144 3 3 3 423 424 423 424 355 ,1
32 18 32 18 32 3 3 3 11 3 3 3 3 3 3 3 3 3 3 3 3 3 3 3 168 144 3 3 3 3 3 423 424 423 424 ,1
3 3 32 18 32 18 32 3 3 3 3 3 3 3 3 3 3 3 144 144 144 423 424 423 424 ,1
3 3 32 18 32 18 32 3 3 3 3 3 3 142 18 26 19 109 109 109 110 111 112 112 113 109 114 109 115 109 116 26 3 11 3 3 3 3 3 3 3 3 3 3 3 3 3 3 3 3 3 3 3 3 3 3 3 3 3 3 144 144 144 144 144 144 144 144 144 3 3 3 3 423 424 423 424 ,1
32 18 32 18 32 3 3 11 3 3 3 3 3 3 3 3 3 3 3 3 168 144 3 3 3 423 424 423 424 ,1
3 3 32 18 32 18 32 3 3 3 3 3 3 3 3 3 3 3 3 3 3 168 144 3 144 423 424 423 424 ,1
32 18 32 18 32 3 3 3 3 142 18 26 19 109 109 109 110 111 112 112 3 3 3 3 3 3 3 3 3 3 3 3 3 3 3 3 3 3 3 3 3 3 3 3 3 3 144 144 144 144 144 144 144 144 3 3 144 423 424 423 424 ,1
3 3 3 32 18 32 18 32 3 3 3 3 3 3 142 18 26 19 109 109 109 110 111 112 112 3 11 3 3 3 3 3 3 3 3 3 3 3 3 3 3 168 144 3 3 3 3 3 423 424 423 424 ,1
3 3 32 18 32 18 32 3 3 3 3 142 18 26 19 109 109 109 110 111 112 112 113 109 114 109 115 109 116 26 3 11 3 3 3 3 3 3 3 3 3 3 3 3 3 3 3 11 3 3 3 3 3 3 3 3 3 3 144 144 144 144 144 144 144 144 144 3 3 3 3 423 424 423 424 423 424 423 424 423 424 ,1
3 3 32 18 32 18 32 3 3 3 3 3 3 3 3 3 3 3 3 3 3 3 144 144 423 424 423 424 ,1
3 3 32 18 32 18 32 3 3 3 142 18 26 19 109 109 109 110 111 112 112 3 3 3 3 3 3 3 3 3 3 3 3 11 3 3 3 3 3 144 144 144 3 3 3 3 3 3 3 3 3 3 3 423 424 423 424 ,1
3 32 18 32 18 32 3 3 3 3 11 3 168 3 3 3 3 3 3 3 3 3 3 3 3 3 3 3 144 3 3 3 423 424 423 424 ,1
3 3 32 18 32 18 32 3 3 3 3 142 18 26 19 109 109 109 110 111 112 112 3 11 3 3 3 3 3 3 3 3 3 3 3 3 3 3 3 3 3 3 3 3 3 3 3 3 3 3 3 3 3 3 3 3 3 3 144 144 144 144 144 3 3 3 423 424 423 424 ,1
32 18 32 18 32 3 3 3 11 3 3 3 3 3 3 3 3 3 3 3 3 3 168 144 3 3 3 3 3 423 424 423 424 ,1
3 32 18 32 18 32 3 3 3 142 18 26 19 109 109 109 110 111 112 112 113 109 114 109 115 109 116 26 11 3 3 3 3 3 3 3 3 3 3 3 3 3 168 144 3 3 3 423 424 423 424 ,1
3 3 32 18 32 18 32 3 3 3 142 18 26 19 109 109 109 110 111 112 112 113 109 114 109 115 109 116 26 3 3 3 3 3 3 3 3 3 3 3 3 3 3 3 3 3 3 3 3 3 3 144 423 424 423 424 423 424 ,1
3 3 32 18 32 18 32 3 3 3 142 18 26 19 109 109 109 110 111 112 112 3 11 3 3 3 3 3 3 3 3 3 3 3 3 3 3 3 3 3 3 3 3 3 144 3 3 423 424 423 424 423 424 ,1
3 3 32 18 32 18 32 3 3 3 3 3 3 3 142 18 26 19 109 109 109 110 111 112 112 113 109 114 109 115 109 116 26 11 3 3 3 3 3 3 3 3 3 3 3 3 3 3 3 3 3 3 3 3 3 3 3 3 3 3 3 3 3 3 3 3 3 3 3 3 3 3 144 144 144 144 144 3 3 3 3 3 423 424 423 424 ,1
3 3 32 18 32 18 32 3 3 3 3 168 3 3 3 3 3 3 3 3 3 3 3 11 3 3 3 144 423 424 423 424 ,1
32 18 32 18 32 3 3 3 3 11 3 3 3 3 3 3 11 3 3 3 3 3 3 168 144 3 3 3 423 424 423 424 ,1
3 3 32 18 32 18 32 3 3 3 142 18 26 19 109 109 109 110 111 112 112 3 11 3 3 3 3 3 3 3 3 3 3 3 3 3 3 3 3 3 3 3 3 3 144 144 144 144 3 3 3 3 3 3 3 3 3 3 3 3 423 424 423 424 ,1
3 3 32 18 32 18 32 3 3 3 3 3 3 142 18 26 19 109 109 109 110 111 112 112 113 109 114 109 115 109 116 26 3 11 3 3 3 3 3 3 3 3 3 3 3 11 3 3 3 3 3 3 144 144 3 3 339 339 339 339 339 339 339 339 339 339 339 339 339 339 339 339 339 339 339 423 424 423 424 ,1
3 3 32 18 32 18 32 3 3 3 3 3 3 3 3 3 3 3 3 3 168 144 423 424 423 424 ,1
32 18 32 18 32 3 3 3 3 142 18 26 19 109 109 109 110 111 112 112 113 11 3 3 3 3 3 3 3 3 3 3 3 3 11 3 3 3 3 3 3 3 3 3 3 144 144 144 144 144 144 3 3 3 423 424 423 424 423 424 423 424 ,1
3 32 18 32 18 32 3 3 3 11 3 168 3 3 3 3 3 3 3 3 3 3 3 3 3 3 11 3 3 3 3 3 3 144 3 3 3 423 424 423 424 ,1
3 32 18 32 18 32 3 3 3 3 142 18 26 19 109 109 109 110 111 112 112 113 109 114 109 115 109 116 26 3 11 3 3 3 3 3 3 11 3 3 3 3 3 3 3 168 144 3 3 3 423 424 423 424 ,1
3 3 32 18 32 18 32 3 3 3 142 18 26 19 109 109 109 110 111 112 112 11 3 3 3 3 3 3 3 3 3 3 3 3 3 144 144 144 144 3 3 53 120 423 424 423 424 354 ,1
32 18 32 18 32 3 3 3 3 142 18 26 19 109 109 109 110 111 112 112 11 3 3 3 3 3 3 11 3 3 3 3 3 3 3 168 144 3 3 3 423 424 423 424 ,1
3 3 32 18 32 18 32 3 3 3 142 18 26 19 109 109 109 110 111 112 112 113 109 114 109 115 109 116 26 11 3 3 3 3 3 3 3 3 3 3 3 3 144 144 3 3 3 3 423 424 423 424 ,1
3 3 3 32 18 32 18 32 3 3 3 3 11 3 3 3 3 3 3 3 3 3 3 3 3 3 3 3 168 144 3 3 3 3 3 423 424 423 424 ,1
3 3 3 3 32 18 32 18 32 3 3 3 3 3 3 142 18 26 19 109 109 109 110 111 112 112 113 109 114 109 115 109 116 26 3 11 3 3 3 3 3 3 3 3 3 3 3 3 3 3 3 168 3 3 144 144 3 3 3 3 3 423 424 423 424 ,1
3 3 32 18 32 18 32 3 3 3 3 142 18 26 19 109 109 109 110 111 112 112 3 11 3 3 3 3 3 3 3 3 3 3 3 3 3 3 3 3 3 3 3 3 3 3 3 3 3 144 144 144 144 144 144 144 144 144 3 3 423 424 423 424 ,1
32 18 32 18 32 3 3 3 142 18 26 19 109 109 109 110 111 112 112 113 109 114 109 115 109 116 26 3 3 3 3 3 3 3 3 3 3 3 3 11 3 3 3 3 144 144 144 423 424 423 424 ,1
3 3 3 17 184 3 3 3 3 3 3 3 3 144 3 3 3 144 144 3 3 3 3 3 3 3 3 3 3 3 3 144 254 423 424 423 424 430 430 ,1
32 18 32 18 32 3 3 3 3 3 142 18 26 19 109 109 109 110 111 112 112 3 11 3 3 3 3 3 3 3 3 3 3 3 3 3 3 3 3 3 3 11 3 3 3 3 3 3 3 144 144 144 144 144 144 3 3 3 3 3 3 3 3 3 3 3 3 53 120 53 120 53 120 53 120 53 120 53 120 144 144 144 354 354 423 424 423 424 ,1
3 3 3 3 3 32 18 32 18 32 3 3 3 3 11 3 3 3 3 3 3 3 3 3 3 3 3 3 3 3 3 3 3 3 3 3 3 11 3 3 3 3 3 3 3 3 3 3 144 144 144 144 144 3 3 3 144 423 424 423 424 ,1
3 3 3 3 3 32 18 32 18 32 3 3 3 3 3 3 11 3 3 3 3 3 3 3 3 3 3 3 3 3 3 3 3 3 3 3 11 3 3 3 3 3 3 144 3 3 3 3 144 144 3 144 144 3 144 144 144 144 144 144 144 3 3 3 3 423 424 423 424 ,1
32 18 32 18 32 3 3 3 3 3 11 3 3 3 3 3 3 3 3 3 3 3 3 3 3 3 3 3 11 3 3 3 3 3 144 144 144 144 144 144 144 3 3 3 144 144 3 144 3 144 3 144 3 144 144 144 144 144 144 144 3 3 3 3 144 423 424 423 424 ,1
32 18 32 18 32 3 3 3 142 18 26 19 109 109 109 110 111 112 112 3 11 3 3 3 3 3 3 3 3 3 3 3 3 3 3 3 3 3 3 144 144 3 3 53 120 423 424 423 424 ,1
3 3 32 18 32 18 32 3 3 3 142 18 26 19 109 109 109 110 111 112 112 113 109 114 109 115 109 116 26 11 3 3 3 3 3 3 3 3 3 3 3 3 3 3 3 3 3 3 3 3 3 3 3 3 3 3 11 3 3 3 3 3 3 3 3 3 3 144 53 144 144 144 144 3 3 3 3 3 423 424 423 424 ,1
32 18 32 18 32 3 3 3 3 142 18 26 19 109 109 109 110 111 112 112 3 3 3 3 3 3 3 3 3 3 3 3 3 3 3 3 3 3 3 3 3 3 3 3 3 3 3 3 3 3 3 3 3 144 144 144 144 144 3 423 424 423 424 ,1
32 18 32 18 32 3 3 3 3 3 142 18 26 19 109 109 109 110 111 112 112 113 109 114 109 115 109 116 26 3 11 3 3 3 3 3 3 3 3 3 3 3 3 3 3 3 3 3 3 3 3 3 3 3 3 3 144 144 144 144 144 144 144 144 144 3 3 423 424 423 424 ,1
3 32 18 32 18 32 3 3 3 142 18 26 19 109 109 109 110 111 112 112 113 109 114 109 115 109 116 26 3 3 11 3 168 3 3 3 3 3 3 3 3 3 3 3 3 144 3 3 4 6 7 4 6 7 4 6 7 4 6 6 7 4 6 7 423 424 423 424 ,1
3 3 32 18 32 18 32 3 3 3 142 18 26 19 109 109 109 110 111 112 112 3 3 11 3 168 3 3 3 3 3 3 3 3 3 3 11 3 3 3 3 3 3 144 3 3 3 144 423 424 423 424 ,1
3 3 3 3 32 18 32 18 32 3 3 3 3 3 11 3 3 3 3 3 3 3 3 3 3 3 3 3 3 11 3 3 3 3 3 3 144 144 3 3 3 3 144 144 144 144 144 144 144 144 144 144 144 144 3 3 3 3 144 423 424 423 424 ,1
32 18 32 18 32 3 3 3 3 142 18 26 19 109 109 109 110 111 112 112 113 109 114 109 115 109 116 26 27 3 11 3 3 3 3 3 3 3 3 3 3 3 3 3 3 3 3 3 3 3 3 3 3 3 3 11 3 3 3 3 3 3 3 3 3 3 144 144 144 144 144 3 423 424 423 424 ,1
3 3 3 3 32 18 32 18 32 3 3 3 3 3 3 3 3 3 3 3 3 3 3 3 3 11 3 3 3 144 144 144 144 3 3 3 144 144 144 144 144 144 144 144 144 144 144 144 423 424 423 424 ,1
3 32 18 32 18 32 3 3 3 3 11 3 168 3 3 3 3 3 3 3 3 3 3 11 3 3 3 11 3 3 11 3 3 3 3 3 3 144 3 3 3 423 424 423 424 ,1
3 3 32 18 32 18 32 3 3 3 3 142 18 26 19 109 109 109 110 111 112 112 3 11 3 3 3 3 3 3 3 3 3 3 3 3 3 3 3 3 3 3 3 3 3 3 3 3 3 144 144 144 144 144 144 144 144 144 3 3 3 3 423 424 423 424 ,1
3 3 32 18 32 18 32 3 3 3 142 18 26 19 109 109 109 110 111 112 112 3 3 3 3 3 3 3 3 3 3 3 3 3 3 3 3 3 3 3 3 144 144 423 424 423 424 423 424 ,1
3 32 18 32 18 32 3 3 3 3 3 3 142 18 26 19 109 109 109 110 111 112 112 11 3 3 3 3 3 3 3 3 3 3 3 3 3 3 3 3 3 168 144 3 3 3 3 3 423 424 423 424 ,1
32 18 32 18 32 3 3 3 142 18 26 19 109 109 109 110 111 112 112 3 11 3 3 3 3 3 3 3 3 3 3 3 3 3 3 3 3 3 3 3 3 3 144 3 3 3 3 423 424 423 424 ,1
3 3 32 18 32 18 32 3 3 3 142 18 26 19 109 109 109 110 111 112 112 3 11 3 3 3 3 3 3 3 3 3 3 3 3 3 3 3 3 11 3 3 3 3 3 3 144 5 423 424 423 424 423 424 ,1
3 3 3 3 184 144 144 144 144 3 3 144 144 3 3 3 3 3 3 3 3 3 3 3 3 144 144 144 423 424 423 424 430 430 ,1
3 3 32 18 32 18 32 3 3 3 142 18 26 19 109 109 109 110 111 112 112 113 3 3 3 11 3 3 3 3 3 3 3 3 3 3 3 3 3 3 3 3 3 3 3 3 3 3 3 3 3 3 3 3 3 3 3 3 144 144 144 144 144 3 3 3 423 424 423 424 ,1
3 3 32 18 32 18 32 3 3 11 3 3 3 3 11 3 3 3 3 3 3 168 144 3 3 3 423 424 423 424 ,1
32 18 32 18 32 3 3 3 3 142 18 26 19 109 109 109 110 111 112 112 113 109 114 109 115 109 116 26 27 11 3 3 3 3 3 3 3 3 3 3 3 3 3 3 11 3 3 3 3 3 3 3 3 3 3 144 144 144 144 144 144 3 3 3 423 424 423 424 423 424 423 424 ,1
32 18 32 18 32 3 3 3 3 3 142 18 26 19 109 109 109 110 111 112 112 3 3 3 3 3 3 3 3 144 144 144 144 423 424 423 424 358 358 ,1
32 18 32 18 32 3 3 3 3 3 3 142 18 26 19 109 109 109 110 111 112 112 11 3 3 3 3 3 3 3 3 3 3 3 3 3 3 3 3 3 3 3 11 3 3 3 3 3 3 3 3 3 3 144 144 144 144 144 144 144 144 144 144 144 3 3 3 3 3 3 3 423 424 423 424 ,1
3 32 18 32 18 32 3 3 3 3 3 168 3 3 3 3 3 3 3 3 3 3 3 3 3 3 144 3 144 423 424 423 424 ,1
32 18 32 18 32 3 3 3 3 3 3 11 3 3 3 3 3 3 3 3 3 3 3 3 3 3 3 3 3 3 11 3 3 11 3 3 3 3 144 3 3 3 3 144 144 144 144 144 144 144 144 144 144 144 144 3 3 3 3 144 144 423 424 423 424 430 ,1
3 3 3 3 184 144 144 3 3 3 144 144 3 3 3 3 3 3 3 3 3 3 3 3 144 254 144 144 423 424 423 424 430 430 ,1
3 3 32 18 32 18 32 3 3 3 142 18 26 19 109 109 109 110 111 112 112 3 11 3 3 3 3 3 3 3 3 3 3 3 3 3 3 11 3 3 3 3 3 3 3 3 3 3 144 144 144 144 144 144 144 3 3 3 423 424 423 424 ,1
3 3 32 18 32 18 32 3 3 3 3 3 142 18 26 19 109 109 109 110 111 112 112 3 11 3 3 3 3 3 3 3 3 3 3 3 3 3 3 3 3 3 3 3 11 3 3 3 3 3 3 3 3 3 3 144 144 144 144 144 144 144 144 144 3 3 3 3 3 3 144 144 423 424 423 424 423 424 423 424 423 424 ,1
3 3 3 3 32 18 32 18 32 3 3 3 3 3 3 3 11 3 3 3 3 3 3 3 3 3 3 3 3 3 3 3 3 3 11 3 11 3 3 3 3 144 144 144 144 3 3 3 144 144 144 3 144 144 3 144 144 144 144 144 144 144 3 3 3 3 144 144 423 424 423 424 430 ,1
3 3 32 18 32 18 32 3 3 3 142 18 26 19 109 109 109 110 111 112 112 113 109 114 109 115 109 116 26 3 3 3 3 3 3 3 3 3 3 3 3 3 3 3 3 3 3 3 3 3 3 3 3 3 3 3 3 3 3 3 3 3 3 3 144 144 144 144 144 3 423 424 423 424 ,1
3 3 32 18 32 18 32 3 3 3 142 18 26 19 109 109 109 110 111 112 112 113 109 114 109 115 109 116 26 11 3 3 3 3 3 3 3 3 3 3 3 3 144 144 144 144 3 3 423 424 423 424 ,1
3 3 32 18 32 18 32 3 3 3 142 18 26 19 109 109 109 110 111 112 112 113 109 114 109 115 109 116 26 3 3 11 3 168 3 3 3 3 3 3 3 3 3 3 3 11 3 3 3 3 3 3 144 3 3 3 423 424 423 424 ,1
3 32 18 32 18 32 3 3 3 3 11 3 3 3 3 3 3 11 3 3 3 3 3 3 3 168 144 3 3 3 53 120 423 424 423 424 ,1
32 18 32 18 32 3 3 3 3 3 3 3 11 3 3 3 3 3 168 144 3 423 424 423 424 354 354 354 354 354 354 354 ,1
3 32 18 32 18 32 3 3 3 11 3 168 3 3 3 3 3 3 3 3 3 3 3 3 3 3 3 3 3 144 3 3 3 144 423 424 423 424 ,1
3 32 18 32 18 32 3 3 3 3 11 3 168 3 3 3 3 3 3 3 3 3 3 3 3 3 3 3 3 3 144 3 3 3 355 423 424 423 424 355 ,1
3 3 32 18 32 18 32 3 3 3 3 3 142 18 26 19 109 109 109 110 111 112 112 113 109 114 109 115 109 116 26 3 11 3 3 3 3 3 3 3 3 3 3 3 3 3 3 3 3 3 3 3 3 3 3 3 3 3 3 3 3 3 3 3 3 144 144 144 144 144 3 3 3 423 424 423 424 ,1
